        9239
       48565
       29072
       32147
       45745
       61439
       13509
       63225
        6990
       10900
       49666
       18536
       51724
       16984
        7506
       41040
       55212
       38574
       62716
       31950
       47964
        6799
       61394
       45653
       14748
       26574
       29867
       53394
       35878
       40871
       52359
       14330
       16140
       60813
       19197
       43367
       47897
       25784
       34129
       57043
       41878
       37167
       58611
       21303
       50882
        6817
       26876
       65524
       51293
       30211
        8402
       27833
       10545
       64746
        1662
       56994
        7679
       30857
        5612
       62800
       57283
       21476
       56723
       44809
       58140
       59851
       12868
       58953
       56456
       20651
        2987
       10523
       27590
       58277
       62385
       50345
       49406
       39545
       39286
        1487
       33246
       50446
       62353
       62954
       34478
       59816
       32907
       58365
       22036
       40974
       32316
       62484
       49846
       34313
       10917
       22295
       25934
       22552
       65512
       26094
       38921
       45753
       27459
       18543
       49977
       42366
       24799
       53401
        6210
       63761
       26434
       65247
       16026
       57042
       65363
       27369
       43382
       51597
        2308
        8535
       50606
       62282
       30854
       62650
        9676
        1925
       17342
       46924
        2351
       50029
       24126
       49073
       25711
       30807
       27499
       18735
       49362
       13485
       65055
       11389
       60654
       47857
       11980
       10495
       15783
       63551
       29590
       32238
       41524
       34314
